111111166666666C6C166663339966
111116666666676666666116666966
11166666C677766666616116669966
166666666676696666C61661199966
61666666667669666C661611699666
666666666666996677611119969999
666666666676966777661199696999
666666666676966777761169699699
666666667769966777669996966699
666666677696666776699966966699
666666666696666666666666669999
666666666669666666666666696999
666666666666666666666666696969
669666666666666666666666796979
666996666666666666666777799779
666669666666966666676779799769
666666666666966666667779799779
666666666666696666669977766766
666666696666996666677779777696
666666999996967966779979966777
666666699999997777779996666977
666666669999666699997966999797
666666666999966666666966699999
666666666696666666666666666669
666666666666666666666666666666
666666666666666666666666666669
666666666666666666666666666669
666666696996699996666666666669
666666669999999996666666666669
666666999999999999996666666666
