Global-Mean Greenhouse Gas Mixing Ratios Used for IPCC_AR5 runs
RCP 6.0 -------------------------------------------------------
       CO2    N2O    CH4   CFC-11 CFC-12 others
Year   ppm    ppm    ppm     ppb    ppb    ppb
-------------------------------------------------
1765  278.6 0.2730  0.722  0.000  0.000  0.000
1766  278.6 0.2730  0.722  0.000  0.000  0.000
1767  278.7 0.2730  0.723  0.000  0.000  0.000
1768  278.8 0.2730  0.724  0.000  0.000  0.000
1769  279.0 0.2730  0.724  0.000  0.000  0.000
1770  279.1 0.2731  0.725  0.000  0.000  0.000
1771  279.2 0.2731  0.726  0.000  0.000  0.000
1772  279.4 0.2731  0.726  0.000  0.000  0.000
1773  279.5 0.2731  0.727  0.000  0.000  0.000
1774  279.7 0.2731  0.727  0.000  0.000  0.000
1775  279.8 0.2732  0.728  0.000  0.000  0.000
1776  280.0 0.2732  0.729  0.000  0.000  0.000
1777  280.1 0.2732  0.729  0.000  0.000  0.000
1778  280.3 0.2732  0.730  0.000  0.000  0.000
1779  280.4 0.2732  0.730  0.000  0.000  0.000
1780  280.6 0.2733  0.731  0.000  0.000  0.000
1781  280.7 0.2733  0.731  0.000  0.000  0.000
1782  280.9 0.2733  0.732  0.000  0.000  0.000
1783  281.0 0.2733  0.732  0.000  0.000  0.000
1784  281.2 0.2733  0.732  0.000  0.000  0.000
1785  281.3 0.2734  0.733  0.000  0.000  0.000
1786  281.5 0.2734  0.733  0.000  0.000  0.000
1787  281.6 0.2734  0.734  0.000  0.000  0.000
1788  281.8 0.2734  0.734  0.000  0.000  0.000
1789  281.9 0.2734  0.734  0.000  0.000  0.000
1790  282.1 0.2735  0.735  0.000  0.000  0.000
1791  282.2 0.2735  0.735  0.000  0.000  0.000
1792  282.4 0.2735  0.736  0.000  0.000  0.000
1793  282.5 0.2735  0.737  0.000  0.000  0.000
1794  282.7 0.2735  0.737  0.000  0.000  0.000
1795  282.8 0.2736  0.738  0.000  0.000  0.000
1796  282.9 0.2736  0.739  0.000  0.000  0.000
1797  283.1 0.2736  0.739  0.000  0.000  0.000
1798  283.2 0.2736  0.740  0.000  0.000  0.000
1799  283.3 0.2737  0.741  0.000  0.000  0.000
1800  283.4 0.2737  0.742  0.000  0.000  0.000
1801  283.5 0.2737  0.742  0.000  0.000  0.000
1802  283.6 0.2737  0.743  0.000  0.000  0.000
1803  283.7 0.2737  0.744  0.000  0.000  0.000
1804  283.8 0.2738  0.745  0.000  0.000  0.000
1805  283.9 0.2738  0.746  0.000  0.000  0.000
1806  284.0 0.2738  0.747  0.000  0.000  0.000
1807  284.1 0.2738  0.748  0.000  0.000  0.000
1808  284.2 0.2739  0.749  0.000  0.000  0.000
1809  284.2 0.2739  0.750  0.000  0.000  0.000
1810  284.3 0.2739  0.751  0.000  0.000  0.000
1811  284.3 0.2739  0.752  0.000  0.000  0.000
1812  284.4 0.2740  0.753  0.000  0.000  0.000
1813  284.4 0.2740  0.754  0.000  0.000  0.000
1814  284.5 0.2740  0.755  0.000  0.000  0.000
1815  284.5 0.2741  0.756  0.000  0.000  0.000
1816  284.5 0.2741  0.756  0.000  0.000  0.000
1817  284.6 0.2741  0.757  0.000  0.000  0.000
1818  284.6 0.2742  0.758  0.000  0.000  0.000
1819  284.7 0.2742  0.759  0.000  0.000  0.000
1820  284.7 0.2742  0.760  0.000  0.000  0.000
1821  284.7 0.2743  0.761  0.000  0.000  0.000
1822  284.7 0.2743  0.762  0.000  0.000  0.000
1823  284.8 0.2743  0.763  0.000  0.000  0.000
1824  284.8 0.2744  0.764  0.000  0.000  0.000
1825  284.8 0.2744  0.765  0.000  0.000  0.000
1826  284.8 0.2744  0.766  0.000  0.000  0.000
1827  284.8 0.2745  0.767  0.000  0.000  0.000
1828  284.9 0.2745  0.768  0.000  0.000  0.000
1829  284.9 0.2746  0.769  0.000  0.000  0.000
1830  284.9 0.2746  0.770  0.000  0.000  0.000
1831  284.9 0.2746  0.771  0.000  0.000  0.000
1832  284.8 0.2747  0.772  0.000  0.000  0.000
1833  284.6 0.2747  0.773  0.000  0.000  0.000
1834  284.5 0.2748  0.774  0.000  0.000  0.000
1835  284.3 0.2748  0.774  0.000  0.000  0.000
1836  284.2 0.2749  0.775  0.000  0.000  0.000
1837  284.0 0.2749  0.776  0.000  0.000  0.000
1838  283.9 0.2750  0.777  0.000  0.000  0.000
1839  283.9 0.2750  0.778  0.000  0.000  0.000
1840  283.9 0.2751  0.779  0.000  0.000  0.000
1841  283.9 0.2751  0.780  0.000  0.000  0.000
1842  284.0 0.2752  0.782  0.000  0.000  0.000
1843  284.1 0.2753  0.783  0.000  0.000  0.000
1844  284.2 0.2753  0.784  0.000  0.000  0.000
1845  284.4 0.2754  0.785  0.000  0.000  0.000
1846  284.6 0.2754  0.786  0.000  0.000  0.000
1847  284.7 0.2754  0.788  0.000  0.000  0.000
1848  284.9 0.2754  0.789  0.000  0.000  0.000
1849  285.1 0.2754  0.790  0.000  0.000  0.000
1850  285.2 0.2754  0.791  0.000  0.000  0.000
1851  285.4 0.2755  0.792  0.000  0.000  0.000
1852  285.5 0.2756  0.794  0.000  0.000  0.000
1853  285.6 0.2757  0.795  0.000  0.000  0.000
1854  285.8 0.2758  0.797  0.000  0.000  0.000
1855  285.9 0.2759  0.798  0.000  0.000  0.000
1856  286.1 0.2760  0.799  0.000  0.000  0.000
1857  286.2 0.2761  0.801  0.000  0.000  0.000
1858  286.4 0.2762  0.802  0.000  0.000  0.000
1859  286.6 0.2763  0.804  0.000  0.000  0.000
1860  286.7 0.2764  0.805  0.000  0.000  0.000
1861  286.9 0.2765  0.807  0.000  0.000  0.000
1862  287.0 0.2766  0.808  0.000  0.000  0.000
1863  287.1 0.2767  0.810  0.000  0.000  0.000
1864  287.3 0.2768  0.811  0.000  0.000  0.000
1865  287.4 0.2769  0.813  0.000  0.000  0.000
1866  287.5 0.2770  0.815  0.000  0.000  0.000
1867  287.6 0.2771  0.816  0.000  0.000  0.000
1868  287.7 0.2772  0.818  0.000  0.000  0.000
1869  287.9 0.2773  0.819  0.000  0.000  0.000
1870  288.0 0.2774  0.821  0.000  0.000  0.001
1871  288.2 0.2774  0.823  0.000  0.000  0.001
1872  288.4 0.2775  0.824  0.000  0.000  0.001
1873  288.6 0.2776  0.826  0.000  0.000  0.001
1874  288.9 0.2777  0.827  0.000  0.000  0.001
1875  289.2 0.2778  0.829  0.000  0.000  0.001
1876  289.5 0.2778  0.831  0.000  0.000  0.001
1877  289.9 0.2779  0.832  0.000  0.000  0.001
1878  290.3 0.2780  0.834  0.000  0.000  0.001
1879  290.7 0.2781  0.835  0.000  0.000  0.001
1880  291.2 0.2782  0.837  0.000  0.000  0.001
1881  291.7 0.2783  0.839  0.000  0.000  0.001
1882  292.2 0.2784  0.841  0.000  0.000  0.001
1883  292.6 0.2785  0.843  0.000  0.000  0.001
1884  293.1 0.2786  0.845  0.000  0.000  0.001
1885  293.5 0.2787  0.846  0.000  0.000  0.001
1886  293.8 0.2788  0.848  0.000  0.000  0.001
1887  294.1 0.2789  0.850  0.000  0.000  0.001
1888  294.3 0.2789  0.852  0.000  0.000  0.001
1889  294.5 0.2790  0.854  0.000  0.000  0.001
1890  294.7 0.2791  0.856  0.000  0.000  0.001
1891  294.8 0.2792  0.858  0.000  0.000  0.001
1892  295.0 0.2793  0.861  0.000  0.000  0.001
1893  295.1 0.2794  0.863  0.000  0.000  0.001
1894  295.2 0.2794  0.865  0.000  0.000  0.002
1895  295.3 0.2795  0.867  0.000  0.000  0.002
1896  295.4 0.2795  0.870  0.000  0.000  0.002
1897  295.5 0.2796  0.872  0.000  0.000  0.002
1898  295.7 0.2797  0.874  0.000  0.000  0.002
1899  296.0 0.2797  0.877  0.000  0.000  0.002
1900  296.3 0.2798  0.879  0.000  0.000  0.002
1901  296.6 0.2799  0.883  0.000  0.000  0.002
1902  297.0 0.2800  0.887  0.000  0.000  0.002
1903  297.3 0.2801  0.891  0.000  0.000  0.002
1904  297.7 0.2802  0.896  0.000  0.000  0.002
1905  298.1 0.2803  0.900  0.000  0.000  0.002
1906  298.6 0.2804  0.905  0.000  0.000  0.003
1907  299.0 0.2805  0.909  0.000  0.000  0.003
1908  299.4 0.2807  0.914  0.000  0.000  0.003
1909  299.8 0.2808  0.919  0.000  0.000  0.003
1910  300.2 0.2810  0.924  0.000  0.000  0.003
1911  300.6 0.2811  0.928  0.000  0.000  0.003
1912  300.9 0.2813  0.933  0.000  0.000  0.003
1913  301.3 0.2815  0.938  0.000  0.000  0.004
1914  301.6 0.2816  0.944  0.000  0.000  0.004
1915  301.9 0.2818  0.949  0.000  0.000  0.004
1916  302.2 0.2820  0.955  0.000  0.000  0.004
1917  302.6 0.2822  0.960  0.000  0.000  0.004
1918  302.9 0.2825  0.966  0.000  0.000  0.004
1919  303.2 0.2827  0.972  0.000  0.000  0.005
1920  303.5 0.2829  0.978  0.000  0.000  0.005
1921  303.9 0.2832  0.983  0.000  0.000  0.005
1922  304.3 0.2834  0.989  0.000  0.000  0.006
1923  304.6 0.2836  0.995  0.000  0.000  0.006
1924  305.0 0.2838  1.001  0.000  0.000  0.006
1925  305.5 0.2840  1.007  0.000  0.000  0.006
1926  305.9 0.2842  1.013  0.000  0.000  0.007
1927  306.3 0.2845  1.019  0.000  0.000  0.007
1928  306.8 0.2846  1.025  0.000  0.000  0.008
1929  307.3 0.2848  1.031  0.000  0.000  0.008
1930  307.7 0.2850  1.036  0.000  0.000  0.008
1931  308.2 0.2851  1.042  0.000  0.000  0.009
1932  308.7 0.2853  1.047  0.000  0.000  0.009
1933  309.1 0.2855  1.053  0.000  0.000  0.009
1934  309.5 0.2857  1.058  0.000  0.000  0.010
1935  309.9 0.2859  1.063  0.000  0.000  0.010
1936  310.3 0.2861  1.068  0.000  0.000  0.011
1937  310.5 0.2863  1.073  0.000  0.000  0.012
1938  310.7 0.2864  1.078  0.000  0.000  0.012
1939  310.8 0.2866  1.083  0.000  0.000  0.013
1940  310.9 0.2867  1.088  0.000  0.000  0.013
1941  310.9 0.2869  1.094  0.000  0.000  0.014
1942  310.8 0.2871  1.099  0.000  0.000  0.015
1943  310.7 0.2873  1.104  0.000  0.001  0.015
1944  310.6 0.2875  1.109  0.000  0.001  0.016
1945  310.6 0.2878  1.115  0.000  0.001  0.017
1946  310.6 0.2880  1.120  0.000  0.001  0.018
1947  310.7 0.2883  1.127  0.000  0.002  0.019
1948  310.8 0.2885  1.133  0.000  0.003  0.020
1949  311.0 0.2888  1.140  0.000  0.004  0.022
1950  311.3 0.2890  1.147  0.000  0.005  0.023
1951  311.6 0.2892  1.155  0.001  0.006  0.025
1952  312.0 0.2894  1.163  0.001  0.008  0.026
1953  312.4 0.2897  1.173  0.002  0.009  0.028
1954  312.9 0.2899  1.182  0.002  0.011  0.029
1955  313.5 0.2901  1.192  0.003  0.013  0.030
1956  314.1 0.2904  1.202  0.004  0.015  0.032
1957  314.7 0.2906  1.213  0.005  0.018  0.034
1958  315.3 0.2908  1.224  0.006  0.021  0.036
1959  316.0 0.2911  1.235  0.008  0.024  0.038
1960  316.8 0.2914  1.247  0.009  0.028  0.040
1961  317.6 0.2917  1.259  0.010  0.032  0.043
1962  318.3 0.2919  1.272  0.012  0.036  0.046
1963  318.9 0.2922  1.285  0.015  0.042  0.048
1964  319.4 0.2926  1.298  0.018  0.048  0.052
1965  320.1 0.2930  1.312  0.021  0.055  0.055
1966  321.1 0.2934  1.326  0.026  0.063  0.059
1967  322.1 0.2938  1.340  0.031  0.072  0.063
1968  323.1 0.2942  1.355  0.036  0.083  0.067
1969  324.4 0.2947  1.370  0.042  0.094  0.072
1970  325.5 0.2952  1.386  0.049  0.107  0.077
1971  326.4 0.2957  1.401  0.057  0.122  0.082
1972  327.6 0.2962  1.417  0.066  0.137  0.087
1973  329.2 0.2968  1.433  0.076  0.154  0.094
1974  330.2 0.2974  1.449  0.087  0.172  0.100
1975  331.1 0.2980  1.465  0.100  0.193  0.108
1976  332.2 0.2986  1.481  0.112  0.213  0.115
1977  333.8 0.2994  1.497  0.125  0.233  0.123
1978  335.3 0.3001  1.514  0.137  0.252  0.132
1979  337.0 0.3007  1.530  0.149  0.271  0.143
1980  338.9 0.3014  1.548  0.159  0.287  0.153
1981  340.2 0.3022  1.567  0.169  0.304  0.164
1982  341.3 0.3031  1.586  0.178  0.322  0.174
1983  342.7 0.3038  1.606  0.186  0.338  0.185
1984  344.3 0.3044  1.624  0.194  0.355  0.196
1985  345.8 0.3051  1.638  0.203  0.373  0.209
1986  347.3 0.3058  1.650  0.212  0.390  0.222
1987  349.1 0.3063  1.662  0.223  0.409  0.235
1988  351.2 0.3072  1.673  0.235  0.428  0.251
1989  353.0 0.3085  1.683  0.245  0.448  0.269
1990  354.4 0.3095  1.694  0.253  0.466  0.286
1991  355.5 0.3101  1.704  0.260  0.481  0.303
1992  356.4 0.3106  1.712  0.265  0.494  0.319
1993  357.3 0.3111  1.716  0.268  0.505  0.331
1994  358.6 0.3116  1.721  0.269  0.513  0.340
1995  360.3 0.3123  1.726  0.269  0.520  0.346
1996  362.0 0.3130  1.730  0.269  0.525  0.353
1997  363.7 0.3138  1.735  0.268  0.529  0.360
1998  365.8 0.3145  1.743  0.267  0.532  0.365
1999  367.8 0.3153  1.749  0.265  0.535  0.372
2000  369.4 0.3159  1.751  0.263  0.537  0.379
2001  371.0 0.3165  1.751  0.262  0.539  0.386
2002  373.0 0.3172  1.752  0.260  0.540  0.395
2003  375.3 0.3180  1.755  0.258  0.540  0.404
2004  377.3 0.3187  1.755  0.256  0.540  0.413
2005  379.3 0.3194  1.754  0.254  0.539  0.421
2006  381.3 0.3202  1.755  0.251  0.538  0.430
2007  383.3 0.3209  1.757  0.248  0.535  0.440
2008  385.3 0.3216  1.761  0.245  0.532  0.450
2009  387.4 0.3223  1.765  0.241  0.529  0.461
2010  389.6 0.3231  1.769  0.237  0.525  0.473
2011  391.7 0.3238  1.773  0.234  0.521  0.484
2012  393.7 0.3246  1.777  0.230  0.517  0.495
2013  395.8 0.3253  1.780  0.226  0.513  0.507
2014  397.8 0.3261  1.782  0.222  0.509  0.517
2015  399.9 0.3268  1.784  0.219  0.505  0.528
2016  401.9 0.3275  1.785  0.215  0.501  0.538
2017  403.9 0.3282  1.786  0.211  0.497  0.548
2018  405.9 0.3289  1.786  0.208  0.492  0.557
2019  407.9 0.3295  1.786  0.204  0.488  0.566
2020  409.9 0.3302  1.786  0.201  0.483  0.575
2021  411.8 0.3309  1.785  0.197  0.479  0.583
2022  413.7 0.3315  1.784  0.194  0.474  0.591
2023  415.6 0.3322  1.784  0.190  0.470  0.599
2024  417.6 0.3328  1.784  0.187  0.465  0.606
2025  419.5 0.3335  1.785  0.183  0.460  0.612
2026  421.5 0.3342  1.786  0.180  0.456  0.619
2027  423.5 0.3349  1.788  0.177  0.451  0.624
2028  425.5 0.3357  1.790  0.173  0.447  0.630
2029  427.4 0.3364  1.793  0.170  0.442  0.635
2030  429.4 0.3372  1.796  0.167  0.437  0.640
2031  431.3 0.3379  1.799  0.164  0.433  0.645
2032  433.3 0.3387  1.803  0.160  0.428  0.649
2033  435.3 0.3395  1.807  0.157  0.424  0.653
2034  437.4 0.3403  1.811  0.154  0.419  0.655
2035  439.6 0.3411  1.815  0.151  0.414  0.656
2036  441.8 0.3419  1.820  0.148  0.410  0.657
2037  444.1 0.3428  1.825  0.145  0.405  0.656
2038  446.4 0.3436  1.830  0.142  0.401  0.653
2039  448.8 0.3445  1.835  0.139  0.396  0.649
2040  451.2 0.3453  1.841  0.137  0.392  0.644
2041  453.7 0.3462  1.846  0.134  0.388  0.637
2042  456.1 0.3471  1.852  0.131  0.383  0.629
2043  458.7 0.3480  1.858  0.128  0.379  0.621
2044  461.3 0.3489  1.863  0.126  0.375  0.611
2045  463.9 0.3499  1.869  0.123  0.370  0.601
2046  466.6 0.3508  1.874  0.120  0.366  0.591
2047  469.4 0.3517  1.879  0.118  0.362  0.581
2048  472.3 0.3527  1.884  0.115  0.358  0.570
2049  475.2 0.3536  1.890  0.113  0.354  0.560
2050  478.2 0.3546  1.895  0.110  0.349  0.550
2051  481.2 0.3556  1.900  0.108  0.345  0.541
2052  484.3 0.3565  1.905  0.105  0.341  0.532
2053  487.4 0.3575  1.910  0.103  0.337  0.523
2054  490.6 0.3585  1.915  0.101  0.333  0.515
2055  493.8 0.3595  1.919  0.099  0.329  0.507
2056  497.1 0.3606  1.923  0.096  0.325  0.500
2057  500.5 0.3616  1.928  0.094  0.321  0.493
2058  504.0 0.3626  1.932  0.092  0.318  0.486
2059  507.5 0.3637  1.935  0.090  0.314  0.480
2060  511.1 0.3647  1.939  0.088  0.310  0.474
2061  514.8 0.3658  1.943  0.086  0.306  0.469
2062  518.5 0.3668  1.947  0.084  0.302  0.464
2063  522.3 0.3679  1.950  0.082  0.299  0.460
2064  526.1 0.3690  1.953  0.080  0.295  0.456
2065  530.0 0.3701  1.955  0.078  0.291  0.452
2066  533.9 0.3711  1.957  0.076  0.288  0.449
2067  537.9 0.3722  1.959  0.074  0.284  0.446
2068  541.9 0.3733  1.960  0.073  0.281  0.443
2069  546.1 0.3744  1.961  0.071  0.277  0.440
2070  550.3 0.3755  1.962  0.069  0.274  0.438
2071  554.6 0.3766  1.963  0.067  0.270  0.436
2072  559.0 0.3777  1.963  0.066  0.267  0.434
2073  563.4 0.3788  1.962  0.064  0.263  0.432
2074  567.8 0.3799  1.961  0.063  0.260  0.431
2075  572.2 0.3810  1.959  0.061  0.257  0.430
2076  576.6 0.3821  1.956  0.059  0.253  0.428
2077  581.1 0.3832  1.953  0.058  0.250  0.427
2078  585.6 0.3843  1.949  0.057  0.247  0.426
2079  590.2 0.3854  1.945  0.055  0.244  0.425
2080  594.8 0.3865  1.940  0.054  0.240  0.425
2081  599.4 0.3875  1.935  0.052  0.237  0.424
2082  604.0 0.3886  1.929  0.051  0.234  0.424
2083  608.5 0.3897  1.921  0.050  0.231  0.423
2084  612.9 0.3907  1.911  0.048  0.228  0.422
2085  617.1 0.3918  1.899  0.047  0.225  0.422
2086  621.1 0.3928  1.886  0.046  0.222  0.422
2087  625.1 0.3938  1.871  0.045  0.219  0.421
2088  628.9 0.3949  1.855  0.043  0.216  0.421
2089  632.6 0.3959  1.838  0.042  0.213  0.420
2090  636.1 0.3969  1.819  0.041  0.210  0.420
2091  639.6 0.3978  1.800  0.040  0.207  0.420
2092  643.1 0.3988  1.780  0.039  0.205  0.419
2093  646.6 0.3998  1.762  0.038  0.202  0.419
2094  650.0 0.4007  1.744  0.037  0.199  0.419
2095  653.5 0.4017  1.727  0.036  0.196  0.418
2096  656.9 0.4026  1.710  0.035  0.194  0.418
2097  660.3 0.4036  1.694  0.034  0.191  0.417
2098  663.6 0.4045  1.678  0.033  0.188  0.417
2099  666.9 0.4054  1.664  0.032  0.186  0.417
2100  670.2 0.4063  1.649  0.031  0.183  0.416
2101  673.5 0.4071  1.636  0.030  0.181  0.416
2102  676.8 0.4080  1.624  0.030  0.178  0.416
2103  680.0 0.4089  1.613  0.029  0.176  0.416
2104  683.1 0.4097  1.603  0.028  0.173  0.416
2105  686.2 0.4105  1.594  0.027  0.171  0.416
2106  689.2 0.4113  1.586  0.026  0.168  0.416
2107  692.1 0.4120  1.580  0.026  0.166  0.416
2108  694.9 0.4128  1.573  0.025  0.164  0.416
2109  697.6 0.4135  1.568  0.024  0.162  0.417
2110  700.2 0.4142  1.563  0.024  0.159  0.417
2111  702.8 0.4149  1.558  0.023  0.157  0.417
2112  705.3 0.4155  1.554  0.022  0.155  0.417
2113  707.7 0.4161  1.550  0.022  0.153  0.417
2114  710.1 0.4168  1.547  0.021  0.150  0.418
2115  712.4 0.4174  1.544  0.020  0.148  0.418
2116  714.7 0.4179  1.541  0.020  0.146  0.418
2117  716.9 0.4185  1.539  0.019  0.144  0.418
2118  719.0 0.4190  1.536  0.019  0.142  0.419
2119  721.1 0.4195  1.534  0.018  0.140  0.419
2120  723.0 0.4200  1.533  0.018  0.138  0.419
2121  724.9 0.4205  1.531  0.017  0.136  0.419
2122  726.7 0.4210  1.529  0.017  0.134  0.420
2123  728.4 0.4214  1.528  0.016  0.132  0.420
2124  730.1 0.4218  1.526  0.016  0.130  0.420
2125  731.7 0.4222  1.525  0.015  0.129  0.420
2126  733.3 0.4226  1.524  0.015  0.127  0.420
2127  734.9 0.4230  1.523  0.014  0.125  0.420
2128  736.4 0.4234  1.522  0.014  0.123  0.420
2129  737.8 0.4237  1.521  0.014  0.121  0.421
2130  739.1 0.4240  1.520  0.013  0.120  0.421
2131  740.3 0.4243  1.520  0.013  0.118  0.421
2132  741.5 0.4246  1.519  0.012  0.116  0.421
2133  742.6 0.4249  1.518  0.012  0.114  0.421
2134  743.6 0.4251  1.517  0.012  0.113  0.421
2135  744.6 0.4253  1.517  0.011  0.111  0.421
2136  745.6 0.4256  1.516  0.011  0.110  0.421
2137  746.5 0.4258  1.515  0.011  0.108  0.421
2138  747.4 0.4259  1.515  0.010  0.106  0.421
2139  748.2 0.4261  1.515  0.010  0.105  0.421
2140  748.9 0.4263  1.514  0.010  0.103  0.420
2141  749.6 0.4264  1.514  0.009  0.102  0.420
2142  750.1 0.4265  1.513  0.009  0.100  0.420
2143  750.6 0.4266  1.513  0.009  0.099  0.420
2144  751.0 0.4267  1.513  0.009  0.097  0.420
2145  751.4 0.4268  1.512  0.008  0.096  0.420
2146  751.7 0.4269  1.512  0.008  0.095  0.419
2147  752.0 0.4269  1.511  0.008  0.093  0.419
2148  752.2 0.4269  1.511  0.008  0.092  0.419
2149  752.4 0.4270  1.511  0.007  0.091  0.419
2150  752.5 0.4270  1.511  0.007  0.090  0.418
